  -3.1400000e+00  -1.5926529e-03  -9.9999873e-01
  -3.0400000e+00  -1.0141799e-01  -9.9484390e-01
  -2.9400000e+00  -2.0022998e-01  -9.7974892e-01
  -2.8400000e+00  -2.9704135e-01  -9.5486462e-01
  -2.7400000e+00  -3.9088478e-01  -9.2043962e-01
  -2.6400000e+00  -4.8082261e-01  -8.7681789e-01
  -2.5400000e+00  -5.6595623e-01  -8.2443529e-01
  -2.4400000e+00  -6.4543500e-01  -7.6381520e-01
  -2.3400000e+00  -7.1846479e-01  -6.9556333e-01
  -2.2400000e+00  -7.8431593e-01  -6.2036161e-01
  -2.1400000e+00  -8.4233043e-01  -5.3896145e-01
  -2.0400000e+00  -8.9192865e-01  -4.5217616e-01
  -1.9400000e+00  -9.3261501e-01  -3.6087288e-01
  -1.8400000e+00  -9.6398300e-01  -2.6596388e-01
  -1.7400000e+00  -9.8571918e-01  -1.6839745e-01
  -1.6400000e+00  -9.9760638e-01  -6.9148449e-02
  -1.5400000e+00  -9.9952583e-01   3.0791459e-02
  -1.4400000e+00  -9.9145835e-01   1.3042371e-01
  -1.3400000e+00  -9.7348454e-01   2.2875281e-01
  -1.2400000e+00  -9.4578400e-01   3.2479628e-01
  -1.1400000e+00  -9.0863350e-01   4.1759450e-01
  -1.0400000e+00  -8.6240423e-01   5.0622026e-01
  -9.4000000e-01  -8.0755810e-01   5.8978803e-01
  -8.4000000e-01  -7.4464312e-01   6.6746283e-01
  -7.4000000e-01  -6.7428791e-01   7.3846856e-01
  -6.4000000e-01  -5.9719544e-01   8.0209576e-01
  -5.4000000e-01  -5.1413599e-01   8.5770868e-01
  -4.4000000e-01  -4.2593947e-01   9.0475166e-01
  -3.4000000e-01  -3.3348709e-01   9.4275467e-01
  -2.4000000e-01  -2.3770263e-01   9.7133797e-01
  -1.4000000e-01  -1.3954311e-01   9.9021600e-01
  -4.0000000e-02  -3.9989334e-02   9.9920011e-01
   6.0000000e-02   5.9964006e-02   9.9820054e-01
   1.6000000e-01   1.5931821e-01   9.8722728e-01
   2.6000000e-01   2.5708055e-01   9.6638998e-01
   3.6000000e-01   3.5227423e-01   9.3589682e-01
   4.6000000e-01   4.4394811e-01   8.9605250e-01
   5.6000000e-01   5.3118620e-01   8.4725511e-01
   6.6000000e-01   6.1311685e-01   7.8999223e-01
   7.6000000e-01   6.8892145e-01   7.2483601e-01
   8.6000000e-01   7.5784256e-01   6.5243747e-01
   9.6000000e-01   8.1919157e-01   5.7351999e-01
   1.0600000e+00   8.7235548e-01   4.8887208e-01
   1.1600000e+00   9.1680311e-01   3.9933953e-01
   1.2600000e+00   9.5209034e-01   3.0581691e-01
   1.3600000e+00   9.7786460e-01   2.0923867e-01
   1.4600000e+00   9.9386836e-01   1.1056978e-01
   1.5600000e+00   9.9994172e-01   1.0796117e-02
   1.6600000e+00   9.9602399e-01  -8.9085417e-02
   1.7600000e+00   9.8215432e-01  -1.8807684e-01
   1.8600000e+00   9.5847128e-01  -2.8518906e-01
   1.9600000e+00   9.2521152e-01  -3.7945176e-01
   2.0600000e+00   8.8270735e-01  -4.6992311e-01
   2.1600000e+00   8.3138346e-01  -5.5569915e-01
   2.2600000e+00   7.7175266e-01  -6.3592282e-01
   2.3600000e+00   7.0441077e-01  -7.0979256e-01
   2.4600000e+00   6.3003063e-01  -7.7657028e-01
   2.5600000e+00   5.4935544e-01  -8.3558878e-01
   2.6600000e+00   4.6319126e-01  -8.8625834e-01
   2.7600000e+00   3.7239904e-01  -9.2807271e-01
   2.8600000e+00   2.7788593e-01  -9.6061408e-01
   2.9600000e+00   1.8059627e-01  -9.8355731e-01
   3.0600000e+00   8.1502152e-02  -9.9667317e-01
