  -3.1400000e+00
  -3.0400000e+00
  -2.9400000e+00
  -2.8400000e+00
  -2.7400000e+00
  -2.6400000e+00
  -2.5400000e+00
  -2.4400000e+00
  -2.3400000e+00
  -2.2400000e+00
  -2.1400000e+00
  -2.0400000e+00
  -1.9400000e+00
  -1.8400000e+00
  -1.7400000e+00
  -1.6400000e+00
  -1.5400000e+00
  -1.4400000e+00
  -1.3400000e+00
  -1.2400000e+00
  -1.1400000e+00
  -1.0400000e+00
  -9.4000000e-01
  -8.4000000e-01
  -7.4000000e-01
  -6.4000000e-01
  -5.4000000e-01
  -4.4000000e-01
  -3.4000000e-01
  -2.4000000e-01
  -1.4000000e-01
  -4.0000000e-02
   6.0000000e-02
   1.6000000e-01
   2.6000000e-01
   3.6000000e-01
   4.6000000e-01
   5.6000000e-01
   6.6000000e-01
   7.6000000e-01
   8.6000000e-01
   9.6000000e-01
   1.0600000e+00
   1.1600000e+00
   1.2600000e+00
   1.3600000e+00
   1.4600000e+00
   1.5600000e+00
   1.6600000e+00
   1.7600000e+00
   1.8600000e+00
   1.9600000e+00
   2.0600000e+00
   2.1600000e+00
   2.2600000e+00
   2.3600000e+00
   2.4600000e+00
   2.5600000e+00
   2.6600000e+00
   2.7600000e+00
   2.8600000e+00
   2.9600000e+00
   3.0600000e+00
