 3.90233 -1.51107 -4.35829
 -4.79977 -0.422983  -4.36904
-2.6172 4.70634 4.02208
  3.5092 -2.33334 0.397604
-1.24793  2.60249 0.125354
 1.67724 0.316064  -4.6072
-0.623624 4.31835  4.3081
 2.20952 -2.15707  2.38534
 1.39979 -1.45951  1.87861
 -3.34026 -0.598955   3.80075
 3.29201 -1.69663 -2.71032
3.93372 -1.4964  1.8667
 4.56468 0.886402  1.57304
  3.58676 -0.604401    4.2397
-1.01563 3.14767 1.84219
  4.10972 -0.175093  -2.84175
4.50252 4.20128 -3.5234
  3.81062   1.41081 -0.680466
 1.19596 -2.18941  2.86002
 -1.92542 -0.529664  -2.73893
