222.394 415.519
298.287 390.357
458.944 104.355
431.768 123.464
188.174 216.362
446.899 218.616
382.725 125.172
227.365 244.721
518.855 344.258
443.179 352.919
452.142 187.894
248.977 220.095
60.8643 431.665
178.173 420.039
504.171 285.822
41.6154 161.604
 424.43 302.198
408.402 175.076
225.922 109.511
536.339 337.941
200.335 209.501
277.993 142.083
529.656 181.028
448.561 183.451
477.859 255.443
390.084 260.934
447.489 177.844
242.724 170.595
367.959 428.161
291.651 345.639
346.376 308.526
219.208 64.6928
407.843 73.7405
499.205 285.092
469.253 324.518
279.739 358.327
428.898 293.685
51.4136 227.543
188.986 258.735
447.288 446.617
462.238 279.35
315.843 342.511
341.46 426.67
465.813 239.55
 265.66 459.727
181.125 91.1074
