 4.40013 -1.95701 -3.98775
 -4.30197 -0.868925   -3.9985
-2.1194  4.2604 4.39262
   4.007 -2.77928 0.768143
-0.750131  2.15654 0.495894
  2.17504 -0.129878  -4.23666
-0.125825 3.87241 4.67864
 2.70732 -2.60301  2.75588
 1.89759 -1.90546  2.24915
-2.84246 -1.0449 4.17129
 3.78981 -2.14257 -2.33978
 4.43152 -1.94234  2.23724
 5.06248 0.440459  1.94358
 4.08456 -1.05034  4.61024
-0.517834 2.70173 2.21273
  4.60752 -0.621036  -2.47121
 5.00032  3.75534 -3.15286
  4.30842  0.964864 -0.309926
 1.69376 -2.63535  3.23056
 -1.42762 -0.975607  -2.36839
