 3.90233 -1.51107 -4.35829
 -4.79977 -0.422983  -4.36904
-2.6172 4.70634 4.02208
  3.5092 -2.33334 0.397604
-1.24793  2.60249 0.125354
 1.67724 0.316064  -4.6072
-0.623624 4.31835  4.3081
 2.20952 -2.15707  2.38534
 1.39979 -1.45951  1.87861
 -3.34026 -0.598955   3.80075
 3.29201 -1.69663 -2.71032
3.93372 -1.4964  1.8667
 4.56468 0.886402  1.57304
  3.58676 -0.604401    4.2397
-1.01563 3.14767 1.84219
  4.10972 -0.175093  -2.84175
4.50252 4.20128 -3.5234
  3.81062   1.41081 -0.680466
 1.19596 -2.18941  2.86002
 -1.92542 -0.529664  -2.73893
-2.20553 -1.15756 -3.15062
-3.36003 0.17124 5.44077
6.20114 3.25122 4.67764
 2.12238 -2.99766 -1.99634
2.20277 2.01929 2.68239
 -2.39219    0.7465 -0.984721
 6.7074 2.74894 2.75459
  3.86623  -3.22521 -0.390552
 3.40536 -2.40856 0.330357
 4.69042 -1.84952  5.32428
-0.759256 -1.68383 -2.28226
 3.78947 -2.51927 -2.17215
  4.13876 -0.150866  -2.82847
 6.21519 -2.16331 -1.43981
4.01244 2.16441 2.73474
-0.416176 -0.196544  -3.10157
-0.0335717  4.20821 -3.57417
 1.96825 0.881144 -2.44674
 4.15402 -3.33064 0.686356
 -1.35805 -0.380606    2.8682
 3.65684   2.1707 -5.07863
 -4.74834 -0.119336  -6.08816
-5.35792  3.9629 3.10142
  3.28205  0.473068 -0.559032
 -2.99944   3.21935 -0.819084
0.916572  3.03716 -5.38121
-3.39798 4.31347 3.59378
  1.88016 -0.191251   1.24783
0.899649 0.223833  0.73273
-3.92071 -1.10411  2.11257
 3.05326   1.4941 -3.56185
 3.2382 1.14814 1.04761
2.90133 3.60559 1.14532
2.40127 1.43018  3.4491
-3.12247   3.5145 0.968775
 3.21449  3.21034 -3.39008
 1.90352  7.45879 -3.45068
 2.16383    4.178 -1.10198
 0.929918 -0.682951   1.57788
-2.18676  0.59345 -4.12328
1.14624 5.82361 2.04492
 -5.6307  1.65392 -1.64252
-3.56489 -4.94458  5.68392
3.30763 1.49743 2.29336
 -3.00065 -0.764769   3.76131
-1.57806 4.89643 2.30928
 -1.8154 -4.23168  6.48253
 3.11027 -0.87486  2.22526
  1.92801 -0.848063   2.24953
-1.11994  -4.8276 0.916684
1.50319 4.09486 1.96301
 3.73435 0.365334  3.54844
    2.69 0.803483  5.75738
 3.95825 -1.92982  4.65717
 -2.4397 -2.19118  4.73566
1.15256 4.52195 3.60485
-1.36557 5.08868 7.22555
0.924148 2.40093 5.25553
 2.60913 -1.77096  1.77858
-2.86473 1.58865 0.16736
 3.62433  3.10736 -3.16133
 1.16404 -5.25449 -2.19337
 -7.6834 -1.36576 -5.03679
-0.510563   4.28583 -0.933549
 -3.09501 -0.961993  -4.51792
 2.69027 0.682173 -4.42521
-7.33003 0.654561 -5.04766
 -2.69002   3.63592 -0.227225
 -2.66301   2.62319 -0.837709
   -5.84613    -1.38601 -0.00271034
  2.0433  3.05483 -2.37375
-2.02847  5.01506 -1.38423
-2.42271   5.1943 -3.82852
-4.57243  5.28194 -1.44925
 -4.78478 -0.299212  -4.58195
 1.84065  3.57753 -4.01287
  1.0611   3.1411 -8.36872
-0.736238  3.73031 -4.79518
-3.35467 2.82758 0.17089
0.412722 -2.03598 -2.27831
-6.07047 -3.06843  1.45484
  -6.097  3.81812 -3.97519
 2.31216 -0.67507 -7.22815
-1.3176 -2.2917 1.96087
 -1.58712 -0.771995  -4.72379
-6.31936 -2.10906 -1.25976
 2.60143 -2.18011 -5.86511
0.667811 -1.26396  1.14035
 0.161177 -0.933034  0.124068
2.07541 2.68574 -3.0608
 -4.4243 -2.44483  1.30004
0.154586 -3.08308  1.46556
 -0.13149  -4.85591 -0.248299
 2.52916 -3.23964 0.525325
0.131629 -1.24721 -5.06844
   -4.55 -3.93177 0.420158
-5.21936 -6.53255 -3.12378
-2.38522 -4.48869 -1.08956
  1.14023 -0.378118  0.644609
-4.46103  1.41799 -2.39611
 1.87726  -2.6428 -3.23144
 -6.08172 -0.117467  -0.55042
-0.946322 8.22405 1.80145
  3.57004 -0.659779  0.849166
  -1.1929   4.12872 -0.355641
-0.368125 -0.863115  -3.60875
1.00537 7.68593  1.4728
 3.21355 0.808609  2.68984
2.21988 1.25705 2.23099
-1.32647 3.89848 4.94198
 2.02769 -1.78495 -1.69385
 4.51175 0.742646  1.27964
  4.79512    2.4143 -0.533461
5.12969 2.82628 2.63011
-0.301281   5.4631 0.494732
  2.60771 -0.765283  -2.96854
 2.37495  2.37214 -6.11083
 3.13228  1.76227 -2.18625
2.49688 1.23093 3.43931
  -2.7891  0.138231 -0.396121
  3.3037  7.13658 -2.64988
-3.24658  2.90825 -6.66555
-4.93673 -0.22897  2.75706
  4.05816   3.03892 -0.182257
 -2.78898   2.61143 -0.210236
0.450678  6.84101 -3.00247
-3.30866 0.473146  3.78814
 3.23652 0.920204 0.530005
 2.13896  1.13753 0.146395
 -1.46736  -2.50824 -0.632085
 3.17836  5.50144 -1.99158
3.83585 2.48866 1.45687
2.44649 3.97119   2.883
 3.13971 0.868597  3.31104
-2.89918 1.65921 1.33243
  2.56932    6.6281 -0.825081
-0.499362 9.04766 1.29636
1.36842  5.4617 1.28988
   2.63241 0.00892854   0.288577
-1.13534  3.18258 -4.13614
 -2.6975  2.98949 -6.61583
 -4.54829  -3.10838 -0.590786
-0.149691 3.69116 5.40114
1.61261 3.41535   -4.45
-2.00465 2.53736 1.31292
-4.22478  2.26806 -4.27097
0.58394 5.07951 4.08168
2.96594  3.0178 -2.5312
 2.04969  2.66856 -1.86972
    2.48113 -0.00766087     2.55237
-1.32638  2.82829 -5.51275
 2.42235  4.60308 -3.46381
0.961007  6.40126 -2.57325
 3.8355  5.4559 -1.5086
-0.858112  3.4698 2.36872
-2.15407  4.31145 -5.17193
-5.06466  6.98573 -3.13518
-1.28977  5.55084 -2.93752
 3.22952  2.33597 -1.68309
 -2.73716 -0.534281  -1.60288
  3.78808    3.3069 -0.196532
-0.811873 -4.02452  1.21806
-8.06806 1.55916 -2.9837
-0.0921805 5.71472 1.41442
-3.59687 0.881933 -1.96613
 2.38302  1.05525 -1.33988
-7.20901  3.41559 -3.13332
-2.42056 5.70616 1.91433
-2.59842 4.65394 1.40422
-6.76568 1.67358 2.21329
2.18127 3.73587 0.40085
-1.32457  6.73672 0.724746
-1.43446  6.72202 -1.75513
-3.69808  7.61037 0.336943
-5.04702  1.92709 -2.28771
 2.27018  4.09825 -1.29083
 1.80646  3.36351 -5.65164
-0.0986724  4.78684 -2.38173
-3.30378 5.13757   2.302
-0.701787 -0.752409  0.758005
